Dataset: skipGram
Method: CART

Accuracy:  0.4468

Confusion Matrix on 20 labels:
 [[2460  273   56   53  191   92   48   54   56   71   47   55  159  202
    85  120   92   92  127  121]
 [1315 2940   95   76  180   97   99   69  104   70   75   84  283  220
   143  162  143  136  129  120]
 [ 283   85  811   32   47   32   25   32   24   13   50   26   89   44
    60   37   51   45   30   29]
 [ 270   86   25  847   42   22   17   15   22   22   23   17   79   44
    32   48   37   39   29   26]
 [ 190   41   10   10  161   13    8    9   13    7   10    7   24   26
    16   15   18   22   17   12]
 [ 361   84   17   20   44  612   20   13   15   26   19   26   69   63
    45   49   36   18   46   32]
 [ 264   89   21   22   37   19  682   25   22   21   16   21  104   46
    31   42   30   35   19   30]
 [ 228   81   27   22   38   22   23  623   24   17   29   25  114   38
    43   28   36   35   24   29]
 [ 271   98   25   19   32   12   25   18  625   15   17   24  110   44
    26   55   36   28   15   28]
 [ 291   63   17   16   24   22    9   12   14  716    6   20   61   30
    28   42   28   36   35   21]
 [ 221   72   59   24   46   21   26   22   18   17  654   21   86   37
    58   39   41   39   25   25]
 [ 258   84   31   19   42   20   28   22   28   18   22  565  105   43
    51   41   43   35   23   26]
 [ 810  295   80   79   95   65  121  113   76   54   84   90 3146  139
   165  151  120   99   88   97]
 [ 827  191   47   42   75   70   38   40   51   43   32   47  124 1420
    57   75   64   76   86   82]
 [ 390  144   60   43   53   27   36   60   37   33   52   39  169   61
  1420   60   70   52   36   45]
 [ 562  167   35   45   83   48   54   23   52   27   35   30  143  112
    49 1115   73   48   67   43]
 [ 375  128   44   54  108   41   38   38   44   25   38   38  115   72
    67   86  991   63   49   36]
 [ 372  118   37   41   62   31   26   26   30   38   35   28  106   67
    62   52   52  918   41   35]
 [ 475  121   26   36   56   40   22   12   27   22   21   27   79   87
    38   53   51   43  860   60]
 [ 537  119   21   28   46   40   32   23   24   24   21   24   76   90
    41   47   37   35   50  774]]

Scores:
              precision    recall  f1-score   support

          0       0.23      0.55      0.32      4454
          1       0.56      0.45      0.50      6540
         10       0.53      0.44      0.48      1845
         11       0.55      0.49      0.52      1742
         12       0.11      0.26      0.15       629
         13       0.45      0.38      0.41      1615
         14       0.50      0.43      0.46      1576
         15       0.50      0.41      0.45      1506
         16       0.48      0.41      0.44      1523
         17       0.56      0.48      0.52      1491
         18       0.51      0.42      0.46      1551
         19       0.47      0.38      0.42      1504
          2       0.60      0.53      0.56      5967
          3       0.49      0.41      0.45      3487
          4       0.56      0.49      0.53      2887
          5       0.48      0.40      0.43      2811
          6       0.48      0.40      0.44      2450
          7       0.48      0.42      0.45      2177
          8       0.48      0.40      0.44      2156
          9       0.46      0.37      0.41      2089

avg / total       0.49      0.45      0.46     50000

